3;[1, 2, 3, 8, 0, 4, 7, 6, 5];[5, 1, 0, 4, 6, 3, 8, 2, 7];606;20;0.0165350437164
3;[1, 2, 3, 8, 0, 4, 7, 6, 5];[5, 1, 0, 4, 6, 3, 8, 2, 7];606;20;0.0168499946594
3;[1, 2, 3, 8, 0, 4, 7, 6, 5];[5, 1, 0, 4, 6, 3, 8, 2, 7];606;20;0.0163741111755
3;[1, 2, 3, 8, 0, 4, 7, 6, 5];[5, 1, 0, 4, 6, 3, 8, 2, 7];606;20;0.0160579681396
3;[1, 2, 3, 8, 0, 4, 7, 6, 5];[5, 1, 0, 4, 6, 3, 8, 2, 7];606;20;0.0163090229034
3;[1, 2, 3, 8, 0, 4, 7, 6, 5];[5, 1, 0, 4, 6, 3, 8, 2, 7];606;20;0.0167529582977
3;[1, 2, 3, 8, 0, 4, 7, 6, 5];[5, 1, 0, 4, 6, 3, 8, 2, 7];606;20;0.0169110298157
3;[1, 2, 3, 8, 0, 4, 7, 6, 5];[5, 1, 0, 4, 6, 3, 8, 2, 7];606;20;0.0168101787567
3;[1, 2, 3, 8, 0, 4, 7, 6, 5];[5, 1, 0, 4, 6, 3, 8, 2, 7];606;20;0.0162508487701
3;[1, 2, 3, 8, 0, 4, 7, 6, 5];[5, 1, 0, 4, 6, 3, 8, 2, 7];606;20;0.0161850452423
